{
 "cells": [
  {
   "cell_type": "code",
   "execution_count": 13,
   "metadata": {},
   "outputs": [
    {
     "name": "stdout",
     "output_type": "stream",
     "text": [
      "Number of rows= 20000  Number of columns= 785\n",
      "\n",
      "Running Iteration number= 1\n",
      "Predicted values of y:\n",
      "[[0.75965417 0.00127919 0.02050655 ... 0.00088314 0.01511144 0.00760604]\n",
      " [0.75965417 0.00127919 0.02050655 ... 0.00088314 0.01511144 0.00760604]\n",
      " [0.75965417 0.00127919 0.02050655 ... 0.00088314 0.01511144 0.00760604]\n",
      " ...\n",
      " [0.75965417 0.00127919 0.02050655 ... 0.00088314 0.01511144 0.00760604]\n",
      " [0.75965417 0.00127919 0.02050655 ... 0.00088314 0.01511144 0.00760604]\n",
      " [0.75965417 0.00127919 0.02050655 ... 0.00088314 0.01511144 0.00760604]]\n",
      "Loss function= 120798.03752220335\n",
      "\n",
      "Running Iteration number= 2\n",
      "Predicted values of y:\n",
      "[[6.84795419e-66 6.68002608e-01 1.69367745e-02 ... 1.53254814e-01\n",
      "  1.68813116e-02 1.21157193e-01]\n",
      " [6.84795419e-66 6.68002608e-01 1.69367745e-02 ... 1.53254814e-01\n",
      "  1.68813116e-02 1.21157193e-01]\n",
      " [6.84795419e-66 6.68002608e-01 1.69367745e-02 ... 1.53254814e-01\n",
      "  1.68813116e-02 1.21157193e-01]\n",
      " ...\n",
      " [6.84795419e-66 6.68002608e-01 1.69367745e-02 ... 1.53254814e-01\n",
      "  1.68813116e-02 1.21157193e-01]\n",
      " [6.84795419e-66 6.68002608e-01 1.69367745e-02 ... 1.53254814e-01\n",
      "  1.68813116e-02 1.21157193e-01]\n",
      " [6.84795419e-66 6.68002608e-01 1.69367745e-02 ... 1.53254814e-01\n",
      "  1.68813116e-02 1.21157193e-01]]\n",
      "Loss function= 437538.0942446185\n",
      "\n",
      "Running Iteration number= 3\n",
      "Predicted values of y:\n",
      "[[4.30454167e-63 1.79277545e-55 4.56886524e-01 ... 1.81336674e-11\n",
      "  2.09465352e-01 3.34853982e-09]\n",
      " [4.30454167e-63 1.79277545e-55 4.56886524e-01 ... 1.81336674e-11\n",
      "  2.09465352e-01 3.34853982e-09]\n",
      " [4.30454167e-63 1.79277545e-55 4.56886524e-01 ... 1.81336674e-11\n",
      "  2.09465352e-01 3.34853982e-09]\n",
      " ...\n",
      " [4.30454167e-63 1.79277545e-55 4.56886524e-01 ... 1.81336674e-11\n",
      "  2.09465352e-01 3.34853982e-09]\n",
      " [4.30454167e-63 1.79277545e-55 4.56886524e-01 ... 1.81336674e-11\n",
      "  2.09465352e-01 3.34853982e-09]\n",
      " [4.30454167e-63 1.79277545e-55 4.56886524e-01 ... 1.81336674e-11\n",
      "  2.09465352e-01 3.34853982e-09]]\n",
      "Loss function= 740462.0815042325\n",
      "\n",
      "Running Iteration number= 4\n",
      "Predicted values of y:\n",
      "[[5.34817567e-60 3.80517661e-51 6.18038454e-38 ... 1.18067338e-07\n",
      "  6.54360850e-17 7.78196236e-06]\n",
      " [5.34817567e-60 3.80517661e-51 6.18038454e-38 ... 1.18067338e-07\n",
      "  6.54360850e-17 7.78196236e-06]\n",
      " [5.34817567e-60 3.80517661e-51 6.18038454e-38 ... 1.18067338e-07\n",
      "  6.54360850e-17 7.78196236e-06]\n",
      " ...\n",
      " [5.34817567e-60 3.80517661e-51 6.18038454e-38 ... 1.18067338e-07\n",
      "  6.54360850e-17 7.78196236e-06]\n",
      " [5.34817567e-60 3.80517661e-51 6.18038454e-38 ... 1.18067338e-07\n",
      "  6.54360850e-17 7.78196236e-06]\n",
      " [5.34817567e-60 3.80517661e-51 6.18038454e-38 ... 1.18067338e-07\n",
      "  6.54360850e-17 7.78196236e-06]]\n",
      "Loss function= 985744.3070274733\n",
      "\n",
      "Running Iteration number= 5\n",
      "Predicted values of y:\n",
      "[[3.25829478e-55 3.96031476e-45 4.94575172e-33 ... 3.76937635e-02\n",
      "  2.38175414e-12 8.85413924e-01]\n",
      " [3.25829478e-55 3.96031476e-45 4.94575172e-33 ... 3.76937635e-02\n",
      "  2.38175414e-12 8.85413924e-01]\n",
      " [3.25829478e-55 3.96031476e-45 4.94575172e-33 ... 3.76937635e-02\n",
      "  2.38175414e-12 8.85413924e-01]\n",
      " ...\n",
      " [3.25829478e-55 3.96031476e-45 4.94575172e-33 ... 3.76937635e-02\n",
      "  2.38175414e-12 8.85413924e-01]\n",
      " [3.25829478e-55 3.96031476e-45 4.94575172e-33 ... 3.76937635e-02\n",
      "  2.38175414e-12 8.85413924e-01]\n",
      " [3.25829478e-55 3.96031476e-45 4.94575172e-33 ... 3.76937635e-02\n",
      "  2.38175414e-12 8.85413924e-01]]\n",
      "Loss function= 1144855.2338220885\n",
      "\n",
      "Running Iteration number= 6\n",
      "Predicted values of y:\n",
      "[[1.28996243e-51 2.67846866e-40 2.57188238e-29 ... 3.85870930e-01\n",
      "  5.63350300e-09 1.38532950e-74]\n",
      " [1.28996243e-51 2.67846866e-40 2.57188238e-29 ... 3.85870930e-01\n",
      "  5.63350300e-09 1.38532950e-74]\n",
      " [1.28996243e-51 2.67846866e-40 2.57188238e-29 ... 3.85870930e-01\n",
      "  5.63350300e-09 1.38532950e-74]\n",
      " ...\n",
      " [1.28996243e-51 2.67846866e-40 2.57188238e-29 ... 3.85870930e-01\n",
      "  5.63350300e-09 1.38532950e-74]\n",
      " [1.28996243e-51 2.67846866e-40 2.57188238e-29 ... 3.85870930e-01\n",
      "  5.63350300e-09 1.38532950e-74]\n",
      " [1.28996243e-51 2.67846866e-40 2.57188238e-29 ... 3.85870930e-01\n",
      "  5.63350300e-09 1.38532950e-74]]\n",
      "Loss function= 1375534.5256815264\n",
      "\n",
      "Running Iteration number= 7\n",
      "Predicted values of y:\n",
      "[[1.34638958e-45 4.77584724e-33 3.52595601e-23 ... 2.97106736e-28\n",
      "  3.51290682e-03 2.70459331e-68]\n",
      " [1.34638958e-45 4.77584724e-33 3.52595601e-23 ... 2.97106736e-28\n",
      "  3.51290682e-03 2.70459331e-68]\n",
      " [1.34638958e-45 4.77584724e-33 3.52595601e-23 ... 2.97106736e-28\n",
      "  3.51290682e-03 2.70459331e-68]\n",
      " ...\n",
      " [1.34638958e-45 4.77584724e-33 3.52595601e-23 ... 2.97106736e-28\n",
      "  3.51290682e-03 2.70459331e-68]\n",
      " [1.34638958e-45 4.77584724e-33 3.52595601e-23 ... 2.97106736e-28\n",
      "  3.51290682e-03 2.70459331e-68]\n",
      " [1.34638958e-45 4.77584724e-33 3.52595601e-23 ... 2.97106736e-28\n",
      "  3.51290682e-03 2.70459331e-68]]\n",
      "Loss function= 1507837.49102791\n",
      "\n",
      "Running Iteration number= 8\n",
      "Predicted values of y:\n",
      "[[1.28663906e-42 7.79662401e-29 4.42583258e-20 ... 1.48786616e-24\n",
      "  9.86436299e-01 4.83440646e-65]\n",
      " [1.28663906e-42 7.79662401e-29 4.42583258e-20 ... 1.48786616e-24\n",
      "  9.86436299e-01 4.83440646e-65]\n",
      " [1.28663906e-42 7.79662401e-29 4.42583258e-20 ... 1.48786616e-24\n",
      "  9.86436299e-01 4.83440646e-65]\n",
      " ...\n",
      " [1.28663906e-42 7.79662401e-29 4.42583258e-20 ... 1.48786616e-24\n",
      "  9.86436299e-01 4.83440646e-65]\n",
      " [1.28663906e-42 7.79662401e-29 4.42583258e-20 ... 1.48786616e-24\n",
      "  9.86436299e-01 4.83440646e-65]\n",
      " [1.28663906e-42 7.79662401e-29 4.42583258e-20 ... 1.48786616e-24\n",
      "  9.86436299e-01 4.83440646e-65]]\n",
      "Loss function= 1717229.659611333\n",
      "\n",
      "Running Iteration number= 9\n",
      "Predicted values of y:\n",
      "[[8.09453572e-40 8.37938183e-25 3.65731443e-17 ... 4.90528740e-21\n",
      "  1.07528686e-84 5.68896916e-62]\n",
      " [8.09453572e-40 8.37938183e-25 3.65731443e-17 ... 4.90528740e-21\n",
      "  1.07528686e-84 5.68896916e-62]\n",
      " [8.09453572e-40 8.37938183e-25 3.65731443e-17 ... 4.90528740e-21\n",
      "  1.07528686e-84 5.68896916e-62]\n",
      " ...\n",
      " [8.09453572e-40 8.37938183e-25 3.65731443e-17 ... 4.90528740e-21\n",
      "  1.07528686e-84 5.68896916e-62]\n",
      " [8.09453572e-40 8.37938183e-25 3.65731443e-17 ... 4.90528740e-21\n",
      "  1.07528686e-84 5.68896916e-62]\n",
      " [8.09453572e-40 8.37938183e-25 3.65731443e-17 ... 4.90528740e-21\n",
      "  1.07528686e-84 5.68896916e-62]]\n",
      "Loss function= 1965477.0846218984\n",
      "\n",
      "Running Iteration number= 10\n",
      "Predicted values of y:\n",
      "[[1.68408917e-23 2.97820984e-07 9.99464888e-01 ... 5.34814256e-04\n",
      "  1.33657210e-68 2.21391999e-45]\n",
      " [1.68408917e-23 2.97820984e-07 9.99464888e-01 ... 5.34814256e-04\n",
      "  1.33657210e-68 2.21391999e-45]\n",
      " [1.68408917e-23 2.97820984e-07 9.99464888e-01 ... 5.34814256e-04\n",
      "  1.33657210e-68 2.21391999e-45]\n",
      " ...\n",
      " [1.68408917e-23 2.97820984e-07 9.99464888e-01 ... 5.34814256e-04\n",
      "  1.33657210e-68 2.21391999e-45]\n",
      " [1.68408917e-23 2.97820984e-07 9.99464888e-01 ... 5.34814256e-04\n",
      "  1.33657210e-68 2.21391999e-45]\n",
      " [1.68408917e-23 2.97820984e-07 9.99464888e-01 ... 5.34814256e-04\n",
      "  1.33657210e-68 2.21391999e-45]]\n",
      "Loss function= 1613050.0036895531\n",
      "\n",
      "Running Iteration number= 11\n",
      "Predicted values of y:\n",
      "[[6.68093510e-21 2.01823399e-03 1.08675468e-85 ... 9.97981766e-01\n",
      "  3.16781254e-66 1.64281741e-42]\n",
      " [6.68093510e-21 2.01823399e-03 1.08675468e-85 ... 9.97981766e-01\n",
      "  3.16781254e-66 1.64281741e-42]\n",
      " [6.68093510e-21 2.01823399e-03 1.08675468e-85 ... 9.97981766e-01\n",
      "  3.16781254e-66 1.64281741e-42]\n",
      " ...\n",
      " [6.68093510e-21 2.01823399e-03 1.08675468e-85 ... 9.97981766e-01\n",
      "  3.16781254e-66 1.64281741e-42]\n",
      " [6.68093510e-21 2.01823399e-03 1.08675468e-85 ... 9.97981766e-01\n",
      "  3.16781254e-66 1.64281741e-42]\n",
      " [6.68093510e-21 2.01823399e-03 1.08675468e-85 ... 9.97981766e-01\n",
      "  3.16781254e-66 1.64281741e-42]]\n",
      "Loss function= 1885989.3142508557\n",
      "\n",
      "Running Iteration number= 12\n",
      "Predicted values of y:\n",
      "[[2.91306490e-19 1.00000000e+00 6.22409953e-84 ... 6.42053393e-86\n",
      "  8.25215341e-65 1.33985379e-40]\n",
      " [2.91306490e-19 1.00000000e+00 6.22409953e-84 ... 6.42053393e-86\n",
      "  8.25215341e-65 1.33985379e-40]\n",
      " [2.91306490e-19 1.00000000e+00 6.22409953e-84 ... 6.42053393e-86\n",
      "  8.25215341e-65 1.33985379e-40]\n",
      " ...\n",
      " [2.91306490e-19 1.00000000e+00 6.22409953e-84 ... 6.42053393e-86\n",
      "  8.25215341e-65 1.33985379e-40]\n",
      " [2.91306490e-19 1.00000000e+00 6.22409953e-84 ... 6.42053393e-86\n",
      "  8.25215341e-65 1.33985379e-40]\n",
      " [2.91306490e-19 1.00000000e+00 6.22409953e-84 ... 6.42053393e-86\n",
      "  8.25215341e-65 1.33985379e-40]]\n",
      "Loss function= 2230797.2101572156\n",
      "\n",
      "Running Iteration number= 13\n",
      "Predicted values of y:\n",
      "[[8.72030020e-01 9.57782960e-69 2.44731521e-65 ... 1.00720483e-66\n",
      "  1.47585429e-46 7.50229072e-22]\n",
      " [8.72030020e-01 9.57782960e-69 2.44731521e-65 ... 1.00720483e-66\n",
      "  1.47585429e-46 7.50229072e-22]\n",
      " [8.72030020e-01 9.57782960e-69 2.44731521e-65 ... 1.00720483e-66\n",
      "  1.47585429e-46 7.50229072e-22]\n",
      " ...\n",
      " [8.72030020e-01 9.57782960e-69 2.44731521e-65 ... 1.00720483e-66\n",
      "  1.47585429e-46 7.50229072e-22]\n",
      " [8.72030020e-01 9.57782960e-69 2.44731521e-65 ... 1.00720483e-66\n",
      "  1.47585429e-46 7.50229072e-22]\n",
      " [8.72030020e-01 9.57782960e-69 2.44731521e-65 ... 1.00720483e-66\n",
      "  1.47585429e-46 7.50229072e-22]]\n"
     ]
    },
    {
     "name": "stdout",
     "output_type": "stream",
     "text": [
      "Loss function= 1823834.1370330465\n",
      "\n",
      "Running Iteration number= 14\n",
      "Predicted values of y:\n",
      "[[1.66401408e-65 9.89607039e-56 1.94422940e-53 ... 3.19233657e-54\n",
      "  5.33290548e-35 8.48739836e-10]\n",
      " [1.66401408e-65 9.89607039e-56 1.94422940e-53 ... 3.19233657e-54\n",
      "  5.33290548e-35 8.48739836e-10]\n",
      " [1.66401408e-65 9.89607039e-56 1.94422940e-53 ... 3.19233657e-54\n",
      "  5.33290548e-35 8.48739836e-10]\n",
      " ...\n",
      " [1.66401408e-65 9.89607039e-56 1.94422940e-53 ... 3.19233657e-54\n",
      "  5.33290548e-35 8.48739836e-10]\n",
      " [1.66401408e-65 9.89607039e-56 1.94422940e-53 ... 3.19233657e-54\n",
      "  5.33290548e-35 8.48739836e-10]\n",
      " [1.66401408e-65 9.89607039e-56 1.94422940e-53 ... 3.19233657e-54\n",
      "  5.33290548e-35 8.48739836e-10]]\n",
      "Loss function= 1670395.2398733846\n",
      "\n",
      "Running Iteration number= 15\n",
      "Predicted values of y:\n",
      "[[1.04815927e-56 1.06488629e-45 1.60860678e-44 ... 1.05376637e-44\n",
      "  2.00691548e-26 1.00000000e+00]\n",
      " [1.04815927e-56 1.06488629e-45 1.60860678e-44 ... 1.05376637e-44\n",
      "  2.00691548e-26 1.00000000e+00]\n",
      " [1.04815927e-56 1.06488629e-45 1.60860678e-44 ... 1.05376637e-44\n",
      "  2.00691548e-26 1.00000000e+00]\n",
      " ...\n",
      " [1.04815927e-56 1.06488629e-45 1.60860678e-44 ... 1.05376637e-44\n",
      "  2.00691548e-26 1.00000000e+00]\n",
      " [1.04815927e-56 1.06488629e-45 1.60860678e-44 ... 1.05376637e-44\n",
      "  2.00691548e-26 1.00000000e+00]\n",
      " [1.04815927e-56 1.06488629e-45 1.60860678e-44 ... 1.05376637e-44\n",
      "  2.00691548e-26 1.00000000e+00]]\n",
      "Loss function= 1667862.429446656\n",
      "\n",
      "Running Iteration number= 16\n",
      "Predicted values of y:\n",
      "[[8.98146766e-47 1.55881093e-34 1.81051459e-34 ... 4.73183667e-34\n",
      "  1.02741056e-16 3.00186325e-78]\n",
      " [8.98146766e-47 1.55881093e-34 1.81051459e-34 ... 4.73183667e-34\n",
      "  1.02741056e-16 3.00186325e-78]\n",
      " [8.98146766e-47 1.55881093e-34 1.81051459e-34 ... 4.73183667e-34\n",
      "  1.02741056e-16 3.00186325e-78]\n",
      " ...\n",
      " [8.98146766e-47 1.55881093e-34 1.81051459e-34 ... 4.73183667e-34\n",
      "  1.02741056e-16 3.00186325e-78]\n",
      " [8.98146766e-47 1.55881093e-34 1.81051459e-34 ... 4.73183667e-34\n",
      "  1.02741056e-16 3.00186325e-78]\n",
      " [8.98146766e-47 1.55881093e-34 1.81051459e-34 ... 4.73183667e-34\n",
      "  1.02741056e-16 3.00186325e-78]]\n",
      "Loss function= 1610093.1184225727\n",
      "\n",
      "Running Iteration number= 17\n",
      "Predicted values of y:\n",
      "[[6.46911216e-31 1.91805470e-17 1.71289801e-18 ... 1.78604541e-17\n",
      "  4.42116077e-01 4.04430108e-62]\n",
      " [6.46911216e-31 1.91805470e-17 1.71289801e-18 ... 1.78604541e-17\n",
      "  4.42116077e-01 4.04430108e-62]\n",
      " [6.46911216e-31 1.91805470e-17 1.71289801e-18 ... 1.78604541e-17\n",
      "  4.42116077e-01 4.04430108e-62]\n",
      " ...\n",
      " [6.46911216e-31 1.91805470e-17 1.71289801e-18 ... 1.78604541e-17\n",
      "  4.42116077e-01 4.04430108e-62]\n",
      " [6.46911216e-31 1.91805470e-17 1.71289801e-18 ... 1.78604541e-17\n",
      "  4.42116077e-01 4.04430108e-62]\n",
      " [6.46911216e-31 1.91805470e-17 1.71289801e-18 ... 1.78604541e-17\n",
      "  4.42116077e-01 4.04430108e-62]]\n",
      "Loss function= 1259286.9444069522\n",
      "\n",
      "Running Iteration number= 18\n",
      "Predicted values of y:\n",
      "[[5.58945192e-25 2.83110325e-10 1.94396371e-12 ... 8.08690645e-11\n",
      "  3.73788066e-34 6.53616831e-56]\n",
      " [5.58945192e-25 2.83110325e-10 1.94396371e-12 ... 8.08690645e-11\n",
      "  3.73788066e-34 6.53616831e-56]\n",
      " [5.58945192e-25 2.83110325e-10 1.94396371e-12 ... 8.08690645e-11\n",
      "  3.73788066e-34 6.53616831e-56]\n",
      " ...\n",
      " [5.58945192e-25 2.83110325e-10 1.94396371e-12 ... 8.08690645e-11\n",
      "  3.73788066e-34 6.53616831e-56]\n",
      " [5.58945192e-25 2.83110325e-10 1.94396371e-12 ... 8.08690645e-11\n",
      "  3.73788066e-34 6.53616831e-56]\n",
      " [5.58945192e-25 2.83110325e-10 1.94396371e-12 ... 8.08690645e-11\n",
      "  3.73788066e-34 6.53616831e-56]]\n",
      "Loss function= 1375128.1632135161\n",
      "\n",
      "Running Iteration number= 19\n",
      "Predicted values of y:\n",
      "[[1.06207188e-16 9.18989494e-01 4.85182293e-04 ... 8.05253234e-02\n",
      "  4.24331263e-26 2.32307439e-47]\n",
      " [1.06207188e-16 9.18989494e-01 4.85182293e-04 ... 8.05253234e-02\n",
      "  4.24331263e-26 2.32307439e-47]\n",
      " [1.06207188e-16 9.18989494e-01 4.85182293e-04 ... 8.05253234e-02\n",
      "  4.24331263e-26 2.32307439e-47]\n",
      " ...\n",
      " [1.06207188e-16 9.18989494e-01 4.85182293e-04 ... 8.05253234e-02\n",
      "  4.24331263e-26 2.32307439e-47]\n",
      " [1.06207188e-16 9.18989494e-01 4.85182293e-04 ... 8.05253234e-02\n",
      "  4.24331263e-26 2.32307439e-47]\n",
      " [1.06207188e-16 9.18989494e-01 4.85182293e-04 ... 8.05253234e-02\n",
      "  4.24331263e-26 2.32307439e-47]]\n",
      "Loss function= 1340408.6010678124\n",
      "\n",
      "Running Iteration number= 20\n",
      "Predicted values of y:\n",
      "[[1.83803312e-13 6.50794703e-77 9.99937019e-01 ... 6.29814836e-05\n",
      "  4.38732052e-23 7.51999831e-44]\n",
      " [1.83803312e-13 6.50794703e-77 9.99937019e-01 ... 6.29814836e-05\n",
      "  4.38732052e-23 7.51999831e-44]\n",
      " [1.83803312e-13 6.50794703e-77 9.99937019e-01 ... 6.29814836e-05\n",
      "  4.38732052e-23 7.51999831e-44]\n",
      " ...\n",
      " [1.83803312e-13 6.50794703e-77 9.99937019e-01 ... 6.29814836e-05\n",
      "  4.38732052e-23 7.51999831e-44]\n",
      " [1.83803312e-13 6.50794703e-77 9.99937019e-01 ... 6.29814836e-05\n",
      "  4.38732052e-23 7.51999831e-44]\n",
      " [1.83803312e-13 6.50794703e-77 9.99937019e-01 ... 6.29814836e-05\n",
      "  4.38732052e-23 7.51999831e-44]]\n",
      "Loss function= 1633252.4909957156\n",
      "\n",
      "Running Iteration number= 21\n",
      "Predicted values of y:\n",
      "[[5.64027493e-10 3.41162374e-72 7.64526521e-85 ... 9.99999999e-01\n",
      "  8.04342871e-20 4.31638216e-40]\n",
      " [5.64027493e-10 3.41162374e-72 7.64526521e-85 ... 9.99999999e-01\n",
      "  8.04342871e-20 4.31638216e-40]\n",
      " [5.64027493e-10 3.41162374e-72 7.64526521e-85 ... 9.99999999e-01\n",
      "  8.04342871e-20 4.31638216e-40]\n",
      " ...\n",
      " [5.64027493e-10 3.41162374e-72 7.64526521e-85 ... 9.99999999e-01\n",
      "  8.04342871e-20 4.31638216e-40]\n",
      " [5.64027493e-10 3.41162374e-72 7.64526521e-85 ... 9.99999999e-01\n",
      "  8.04342871e-20 4.31638216e-40]\n",
      " [5.64027493e-10 3.41162374e-72 7.64526521e-85 ... 9.99999999e-01\n",
      "  8.04342871e-20 4.31638216e-40]]\n",
      "Loss function= 1865262.9539922609\n",
      "\n",
      "Running Iteration number= 22\n",
      "Predicted values of y:\n",
      "[[1.00000000e+00 1.03331107e-61 1.78042808e-75 ... 1.74012665e-78\n",
      "  8.51992762e-11 1.43144567e-30]\n",
      " [1.00000000e+00 1.03331107e-61 1.78042808e-75 ... 1.74012665e-78\n",
      "  8.51992762e-11 1.43144567e-30]\n",
      " [1.00000000e+00 1.03331107e-61 1.78042808e-75 ... 1.74012665e-78\n",
      "  8.51992762e-11 1.43144567e-30]\n",
      " ...\n",
      " [1.00000000e+00 1.03331107e-61 1.78042808e-75 ... 1.74012665e-78\n",
      "  8.51992762e-11 1.43144567e-30]\n",
      " [1.00000000e+00 1.03331107e-61 1.78042808e-75 ... 1.74012665e-78\n",
      "  8.51992762e-11 1.43144567e-30]\n",
      " [1.00000000e+00 1.03331107e-61 1.78042808e-75 ... 1.74012665e-78\n",
      "  8.51992762e-11 1.43144567e-30]]\n",
      "Loss function= 1859607.1483973537\n",
      "\n",
      "Running Iteration number= 23\n",
      "Predicted values of y:\n",
      "[[3.67946623e-78 3.46793074e-50 4.59436717e-65 ... 1.79149416e-67\n",
      "  9.99999930e-01 5.26016338e-20]\n",
      " [3.67946623e-78 3.46793074e-50 4.59436717e-65 ... 1.79149416e-67\n",
      "  9.99999930e-01 5.26016338e-20]\n",
      " [3.67946623e-78 3.46793074e-50 4.59436717e-65 ... 1.79149416e-67\n",
      "  9.99999930e-01 5.26016338e-20]\n",
      " ...\n",
      " [3.67946623e-78 3.46793074e-50 4.59436717e-65 ... 1.79149416e-67\n",
      "  9.99999930e-01 5.26016338e-20]\n",
      " [3.67946623e-78 3.46793074e-50 4.59436717e-65 ... 1.79149416e-67\n",
      "  9.99999930e-01 5.26016338e-20]\n",
      " [3.67946623e-78 3.46793074e-50 4.59436717e-65 ... 1.79149416e-67\n",
      "  9.99999930e-01 5.26016338e-20]]\n",
      "Loss function= 1772719.1482506308\n",
      "\n",
      "Running Iteration number= 24\n",
      "Predicted values of y:\n",
      "[[2.91352566e-71 4.69109922e-42 4.77850264e-58 ... 7.43386729e-60\n",
      "  8.86034565e-82 7.79091498e-13]\n",
      " [2.91352566e-71 4.69109922e-42 4.77850264e-58 ... 7.43386729e-60\n",
      "  8.86034565e-82 7.79091498e-13]\n",
      " [2.91352566e-71 4.69109922e-42 4.77850264e-58 ... 7.43386729e-60\n",
      "  8.86034565e-82 7.79091498e-13]\n",
      " ...\n",
      " [2.91352566e-71 4.69109922e-42 4.77850264e-58 ... 7.43386729e-60\n",
      "  8.86034565e-82 7.79091498e-13]\n",
      " [2.91352566e-71 4.69109922e-42 4.77850264e-58 ... 7.43386729e-60\n",
      "  8.86034565e-82 7.79091498e-13]\n",
      " [2.91352566e-71 4.69109922e-42 4.77850264e-58 ... 7.43386729e-60\n",
      "  8.86034565e-82 7.79091498e-13]]\n",
      "Loss function= 1831857.873680249\n",
      "\n",
      "Running Iteration number= 25\n",
      "Predicted values of y:\n",
      "[[7.45171093e-69 2.04966057e-38 1.60531804e-55 ... 9.96362411e-57\n",
      "  1.35388797e-79 3.72718389e-10]\n",
      " [7.45171093e-69 2.04966057e-38 1.60531804e-55 ... 9.96362411e-57\n",
      "  1.35388797e-79 3.72718389e-10]\n",
      " [7.45171093e-69 2.04966057e-38 1.60531804e-55 ... 9.96362411e-57\n",
      "  1.35388797e-79 3.72718389e-10]\n",
      " ...\n",
      " [7.45171093e-69 2.04966057e-38 1.60531804e-55 ... 9.96362411e-57\n",
      "  1.35388797e-79 3.72718389e-10]\n",
      " [7.45171093e-69 2.04966057e-38 1.60531804e-55 ... 9.96362411e-57\n",
      "  1.35388797e-79 3.72718389e-10]\n",
      " [7.45171093e-69 2.04966057e-38 1.60531804e-55 ... 9.96362411e-57\n",
      "  1.35388797e-79 3.72718389e-10]]\n"
     ]
    },
    {
     "name": "stdout",
     "output_type": "stream",
     "text": [
      "Loss function= 2120040.6155268745\n",
      "\n",
      "Running Iteration number= 26\n",
      "Predicted values of y:\n",
      "[[1.06885799e-59 5.02245588e-28 3.02452514e-46 ... 7.48939475e-47\n",
      "  1.16022347e-70 1.00000000e+00]\n",
      " [1.06885799e-59 5.02245588e-28 3.02452514e-46 ... 7.48939475e-47\n",
      "  1.16022347e-70 1.00000000e+00]\n",
      " [1.06885799e-59 5.02245588e-28 3.02452514e-46 ... 7.48939475e-47\n",
      "  1.16022347e-70 1.00000000e+00]\n",
      " ...\n",
      " [1.06885799e-59 5.02245588e-28 3.02452514e-46 ... 7.48939475e-47\n",
      "  1.16022347e-70 1.00000000e+00]\n",
      " [1.06885799e-59 5.02245588e-28 3.02452514e-46 ... 7.48939475e-47\n",
      "  1.16022347e-70 1.00000000e+00]\n",
      " [1.06885799e-59 5.02245588e-28 3.02452514e-46 ... 7.48939475e-47\n",
      "  1.16022347e-70 1.00000000e+00]]\n",
      "Loss function= 2101049.216049277\n",
      "\n",
      "Running Iteration number= 27\n",
      "Predicted values of y:\n",
      "[[6.12141366e-45 4.91380624e-12 2.27520757e-31 ... 2.24772835e-31\n",
      "  3.96979684e-56 2.00633098e-73]\n",
      " [6.12141366e-45 4.91380624e-12 2.27520757e-31 ... 2.24772835e-31\n",
      "  3.96979684e-56 2.00633098e-73]\n",
      " [6.12141366e-45 4.91380624e-12 2.27520757e-31 ... 2.24772835e-31\n",
      "  3.96979684e-56 2.00633098e-73]\n",
      " ...\n",
      " [6.12141366e-45 4.91380624e-12 2.27520757e-31 ... 2.24772835e-31\n",
      "  3.96979684e-56 2.00633098e-73]\n",
      " [6.12141366e-45 4.91380624e-12 2.27520757e-31 ... 2.24772835e-31\n",
      "  3.96979684e-56 2.00633098e-73]\n",
      " [6.12141366e-45 4.91380624e-12 2.27520757e-31 ... 2.24772835e-31\n",
      "  3.96979684e-56 2.00633098e-73]]\n",
      "Loss function= 1821079.9077060304\n",
      "\n",
      "Running Iteration number= 28\n",
      "Predicted values of y:\n",
      "[[7.29228317e-35 1.00000000e+00 3.56012236e-21 ... 1.40320460e-20\n",
      "  2.82536779e-46 4.47063878e-63]\n",
      " [7.29228317e-35 1.00000000e+00 3.56012236e-21 ... 1.40320460e-20\n",
      "  2.82536779e-46 4.47063878e-63]\n",
      " [7.29228317e-35 1.00000000e+00 3.56012236e-21 ... 1.40320460e-20\n",
      "  2.82536779e-46 4.47063878e-63]\n",
      " ...\n",
      " [7.29228317e-35 1.00000000e+00 3.56012236e-21 ... 1.40320460e-20\n",
      "  2.82536779e-46 4.47063878e-63]\n",
      " [7.29228317e-35 1.00000000e+00 3.56012236e-21 ... 1.40320460e-20\n",
      "  2.82536779e-46 4.47063878e-63]\n",
      " [7.29228317e-35 1.00000000e+00 3.56012236e-21 ... 1.40320460e-20\n",
      "  2.82536779e-46 4.47063878e-63]]\n",
      "Loss function= 1736520.981232194\n",
      "\n",
      "Running Iteration number= 29\n",
      "Predicted values of y:\n",
      "[[6.98863832e-16 3.06630161e-68 4.48152754e-02 ... 7.04718087e-01\n",
      "  1.61770357e-27 8.01408281e-44]\n",
      " [6.98863832e-16 3.06630161e-68 4.48152754e-02 ... 7.04718087e-01\n",
      "  1.61770357e-27 8.01408281e-44]\n",
      " [6.98863832e-16 3.06630161e-68 4.48152754e-02 ... 7.04718087e-01\n",
      "  1.61770357e-27 8.01408281e-44]\n",
      " ...\n",
      " [6.98863832e-16 3.06630161e-68 4.48152754e-02 ... 7.04718087e-01\n",
      "  1.61770357e-27 8.01408281e-44]\n",
      " [6.98863832e-16 3.06630161e-68 4.48152754e-02 ... 7.04718087e-01\n",
      "  1.61770357e-27 8.01408281e-44]\n",
      " [6.98863832e-16 3.06630161e-68 4.48152754e-02 ... 7.04718087e-01\n",
      "  1.61770357e-27 8.01408281e-44]]\n",
      "Loss function= 1306285.785587372\n",
      "\n",
      "Running Iteration number= 30\n",
      "Predicted values of y:\n",
      "[[1.01406414e-10 7.60077556e-62 1.00000000e+00 ... 8.05207578e-57\n",
      "  1.40238325e-22 2.17511334e-38]\n",
      " [1.01406414e-10 7.60077556e-62 1.00000000e+00 ... 8.05207578e-57\n",
      "  1.40238325e-22 2.17511334e-38]\n",
      " [1.01406414e-10 7.60077556e-62 1.00000000e+00 ... 8.05207578e-57\n",
      "  1.40238325e-22 2.17511334e-38]\n",
      " ...\n",
      " [1.01406414e-10 7.60077556e-62 1.00000000e+00 ... 8.05207578e-57\n",
      "  1.40238325e-22 2.17511334e-38]\n",
      " [1.01406414e-10 7.60077556e-62 1.00000000e+00 ... 8.05207578e-57\n",
      "  1.40238325e-22 2.17511334e-38]\n",
      " [1.01406414e-10 7.60077556e-62 1.00000000e+00 ... 8.05207578e-57\n",
      "  1.40238325e-22 2.17511334e-38]]\n",
      "Loss function= 1469137.4000758072\n",
      "\n",
      "Running Iteration number= 31\n",
      "Predicted values of y:\n",
      "[[9.99999999e-01 1.28045013e-50 2.42595281e-78 ... 4.16109676e-46\n",
      "  8.26220967e-13 4.01209934e-28]\n",
      " [9.99999999e-01 1.28045013e-50 2.42595281e-78 ... 4.16109676e-46\n",
      "  8.26220967e-13 4.01209934e-28]\n",
      " [9.99999999e-01 1.28045013e-50 2.42595281e-78 ... 4.16109676e-46\n",
      "  8.26220967e-13 4.01209934e-28]\n",
      " ...\n",
      " [9.99999999e-01 1.28045013e-50 2.42595281e-78 ... 4.16109676e-46\n",
      "  8.26220967e-13 4.01209934e-28]\n",
      " [9.99999999e-01 1.28045013e-50 2.42595281e-78 ... 4.16109676e-46\n",
      "  8.26220967e-13 4.01209934e-28]\n",
      " [9.99999999e-01 1.28045013e-50 2.42595281e-78 ... 4.16109676e-46\n",
      "  8.26220967e-13 4.01209934e-28]]\n",
      "Loss function= 1401488.2666919886\n",
      "\n",
      "Running Iteration number= 32\n",
      "Predicted values of y:\n",
      "[[2.15509798e-78 2.51700542e-39 3.66661881e-68 ... 2.50913774e-35\n",
      "  5.67992279e-03 8.63531512e-18]\n",
      " [2.15509798e-78 2.51700542e-39 3.66661881e-68 ... 2.50913774e-35\n",
      "  5.67992279e-03 8.63531512e-18]\n",
      " [2.15509798e-78 2.51700542e-39 3.66661881e-68 ... 2.50913774e-35\n",
      "  5.67992279e-03 8.63531512e-18]\n",
      " ...\n",
      " [2.15509798e-78 2.51700542e-39 3.66661881e-68 ... 2.50913774e-35\n",
      "  5.67992279e-03 8.63531512e-18]\n",
      " [2.15509798e-78 2.51700542e-39 3.66661881e-68 ... 2.50913774e-35\n",
      "  5.67992279e-03 8.63531512e-18]\n",
      " [2.15509798e-78 2.51700542e-39 3.66661881e-68 ... 2.50913774e-35\n",
      "  5.67992279e-03 8.63531512e-18]]\n",
      "Loss function= 1325298.899613518\n",
      "\n",
      "Running Iteration number= 33\n",
      "Predicted values of y:\n",
      "[[1.93477702e-75 3.86027485e-35 4.32376186e-65 ... 1.18046681e-31\n",
      "  9.67199131e-01 1.45009780e-14]\n",
      " [1.93477702e-75 3.86027485e-35 4.32376186e-65 ... 1.18046681e-31\n",
      "  9.67199131e-01 1.45009780e-14]\n",
      " [1.93477702e-75 3.86027485e-35 4.32376186e-65 ... 1.18046681e-31\n",
      "  9.67199131e-01 1.45009780e-14]\n",
      " ...\n",
      " [1.93477702e-75 3.86027485e-35 4.32376186e-65 ... 1.18046681e-31\n",
      "  9.67199131e-01 1.45009780e-14]\n",
      " [1.93477702e-75 3.86027485e-35 4.32376186e-65 ... 1.18046681e-31\n",
      "  9.67199131e-01 1.45009780e-14]\n",
      " [1.93477702e-75 3.86027485e-35 4.32376186e-65 ... 1.18046681e-31\n",
      "  9.67199131e-01 1.45009780e-14]]\n",
      "Loss function= 1536006.3969273677\n",
      "\n",
      "Running Iteration number= 34\n",
      "Predicted values of y:\n",
      "[[5.40720937e-72 1.84302264e-30 1.58721638e-61 ... 1.72886637e-27\n",
      "  2.28142778e-82 7.58044612e-11]\n",
      " [5.40720937e-72 1.84302264e-30 1.58721638e-61 ... 1.72886637e-27\n",
      "  2.28142778e-82 7.58044612e-11]\n",
      " [5.40720937e-72 1.84302264e-30 1.58721638e-61 ... 1.72886637e-27\n",
      "  2.28142778e-82 7.58044612e-11]\n",
      " ...\n",
      " [5.40720937e-72 1.84302264e-30 1.58721638e-61 ... 1.72886637e-27\n",
      "  2.28142778e-82 7.58044612e-11]\n",
      " [5.40720937e-72 1.84302264e-30 1.58721638e-61 ... 1.72886637e-27\n",
      "  2.28142778e-82 7.58044612e-11]\n",
      " [5.40720937e-72 1.84302264e-30 1.58721638e-61 ... 1.72886637e-27\n",
      "  2.28142778e-82 7.58044612e-11]]\n",
      "Loss function= 1754858.3394472194\n",
      "\n",
      "Running Iteration number= 35\n",
      "Predicted values of y:\n",
      "[[3.81349537e-62 2.22050054e-19 1.47034171e-51 ... 6.38964667e-17\n",
      "  9.61283915e-73 1.00000000e+00]\n",
      " [3.81349537e-62 2.22050054e-19 1.47034171e-51 ... 6.38964667e-17\n",
      "  9.61283915e-73 1.00000000e+00]\n",
      " [3.81349537e-62 2.22050054e-19 1.47034171e-51 ... 6.38964667e-17\n",
      "  9.61283915e-73 1.00000000e+00]\n",
      " ...\n",
      " [3.81349537e-62 2.22050054e-19 1.47034171e-51 ... 6.38964667e-17\n",
      "  9.61283915e-73 1.00000000e+00]\n",
      " [3.81349537e-62 2.22050054e-19 1.47034171e-51 ... 6.38964667e-17\n",
      "  9.61283915e-73 1.00000000e+00]\n",
      " [3.81349537e-62 2.22050054e-19 1.47034171e-51 ... 6.38964667e-17\n",
      "  9.61283915e-73 1.00000000e+00]]\n",
      "Loss function= 1703193.5643849738\n",
      "\n",
      "Running Iteration number= 36\n",
      "Predicted values of y:\n",
      "[[4.44685444e-52 4.42334436e-08 2.25206060e-41 ... 3.90455832e-06\n",
      "  6.69693801e-63 4.08507989e-78]\n",
      " [4.44685444e-52 4.42334436e-08 2.25206060e-41 ... 3.90455832e-06\n",
      "  6.69693801e-63 4.08507989e-78]\n",
      " [4.44685444e-52 4.42334436e-08 2.25206060e-41 ... 3.90455832e-06\n",
      "  6.69693801e-63 4.08507989e-78]\n",
      " ...\n",
      " [4.44685444e-52 4.42334436e-08 2.25206060e-41 ... 3.90455832e-06\n",
      "  6.69693801e-63 4.08507989e-78]\n",
      " [4.44685444e-52 4.42334436e-08 2.25206060e-41 ... 3.90455832e-06\n",
      "  6.69693801e-63 4.08507989e-78]\n",
      " [4.44685444e-52 4.42334436e-08 2.25206060e-41 ... 3.90455832e-06\n",
      "  6.69693801e-63 4.08507989e-78]]\n",
      "Loss function= 1639262.0931948693\n",
      "\n",
      "Running Iteration number= 37\n",
      "Predicted values of y:\n",
      "[[2.09731881e-47 3.56392522e-02 1.39515903e-36 ... 9.64286959e-01\n",
      "  1.88704705e-58 3.60385489e-73]\n",
      " [2.09731881e-47 3.56392522e-02 1.39515903e-36 ... 9.64286959e-01\n",
      "  1.88704705e-58 3.60385489e-73]\n",
      " [2.09731881e-47 3.56392522e-02 1.39515903e-36 ... 9.64286959e-01\n",
      "  1.88704705e-58 3.60385489e-73]\n",
      " ...\n",
      " [2.09731881e-47 3.56392522e-02 1.39515903e-36 ... 9.64286959e-01\n",
      "  1.88704705e-58 3.60385489e-73]\n",
      " [2.09731881e-47 3.56392522e-02 1.39515903e-36 ... 9.64286959e-01\n",
      "  1.88704705e-58 3.60385489e-73]\n",
      " [2.09731881e-47 3.56392522e-02 1.39515903e-36 ... 9.64286959e-01\n",
      "  1.88704705e-58 3.60385489e-73]]\n"
     ]
    },
    {
     "name": "stdout",
     "output_type": "stream",
     "text": [
      "Loss function= 1823086.9726912347\n",
      "\n",
      "Running Iteration number= 38\n",
      "Predicted values of y:\n",
      "[[4.15747849e-44 9.01825145e-01 3.63263179e-33 ... 2.54840336e-81\n",
      "  2.23482335e-55 1.33625105e-69]\n",
      " [4.15747849e-44 9.01825145e-01 3.63263179e-33 ... 2.54840336e-81\n",
      "  2.23482335e-55 1.33625105e-69]\n",
      " [4.15747849e-44 9.01825145e-01 3.63263179e-33 ... 2.54840336e-81\n",
      "  2.23482335e-55 1.33625105e-69]\n",
      " ...\n",
      " [4.15747849e-44 9.01825145e-01 3.63263179e-33 ... 2.54840336e-81\n",
      "  2.23482335e-55 1.33625105e-69]\n",
      " [4.15747849e-44 9.01825145e-01 3.63263179e-33 ... 2.54840336e-81\n",
      "  2.23482335e-55 1.33625105e-69]\n",
      " [4.15747849e-44 9.01825145e-01 3.63263179e-33 ... 2.54840336e-81\n",
      "  2.23482335e-55 1.33625105e-69]]\n",
      "Loss function= 2092348.730225069\n",
      "\n",
      "Running Iteration number= 39\n",
      "Predicted values of y:\n",
      "[[2.54767600e-34 7.24693868e-69 2.92393469e-23 ... 8.18366292e-71\n",
      "  8.18186477e-46 1.53164264e-59]\n",
      " [2.54767600e-34 7.24693868e-69 2.92393469e-23 ... 8.18366292e-71\n",
      "  8.18186477e-46 1.53164264e-59]\n",
      " [2.54767600e-34 7.24693868e-69 2.92393469e-23 ... 8.18366292e-71\n",
      "  8.18186477e-46 1.53164264e-59]\n",
      " ...\n",
      " [2.54767600e-34 7.24693868e-69 2.92393469e-23 ... 8.18366292e-71\n",
      "  8.18186477e-46 1.53164264e-59]\n",
      " [2.54767600e-34 7.24693868e-69 2.92393469e-23 ... 8.18366292e-71\n",
      "  8.18186477e-46 1.53164264e-59]\n",
      " [2.54767600e-34 7.24693868e-69 2.92393469e-23 ... 8.18366292e-71\n",
      "  8.18186477e-46 1.53164264e-59]]\n",
      "Loss function= 2079196.5821569036\n",
      "\n",
      "Running Iteration number= 40\n",
      "Predicted values of y:\n",
      "[[6.63351815e-12 3.22347636e-45 9.99998845e-01 ... 1.11663912e-47\n",
      "  1.27276123e-23 7.45954571e-37]\n",
      " [6.63351815e-12 3.22347636e-45 9.99998845e-01 ... 1.11663912e-47\n",
      "  1.27276123e-23 7.45954571e-37]\n",
      " [6.63351815e-12 3.22347636e-45 9.99998845e-01 ... 1.11663912e-47\n",
      "  1.27276123e-23 7.45954571e-37]\n",
      " ...\n",
      " [6.63351815e-12 3.22347636e-45 9.99998845e-01 ... 1.11663912e-47\n",
      "  1.27276123e-23 7.45954571e-37]\n",
      " [6.63351815e-12 3.22347636e-45 9.99998845e-01 ... 1.11663912e-47\n",
      "  1.27276123e-23 7.45954571e-37]\n",
      " [6.63351815e-12 3.22347636e-45 9.99998845e-01 ... 1.11663912e-47\n",
      "  1.27276123e-23 7.45954571e-37]]\n",
      "Loss function= 1426378.6356254723\n",
      "\n",
      "Running Iteration number= 41\n",
      "Predicted values of y:\n",
      "[[2.63881163e-06 2.19058008e-38 9.78843080e-83 ... 2.32778404e-41\n",
      "  3.02486723e-18 5.55049930e-31]\n",
      " [2.63881163e-06 2.19058008e-38 9.78843080e-83 ... 2.32778404e-41\n",
      "  3.02486723e-18 5.55049930e-31]\n",
      " [2.63881163e-06 2.19058008e-38 9.78843080e-83 ... 2.32778404e-41\n",
      "  3.02486723e-18 5.55049930e-31]\n",
      " ...\n",
      " [2.63881163e-06 2.19058008e-38 9.78843080e-83 ... 2.32778404e-41\n",
      "  3.02486723e-18 5.55049930e-31]\n",
      " [2.63881163e-06 2.19058008e-38 9.78843080e-83 ... 2.32778404e-41\n",
      "  3.02486723e-18 5.55049930e-31]\n",
      " [2.63881163e-06 2.19058008e-38 9.78843080e-83 ... 2.32778404e-41\n",
      "  3.02486723e-18 5.55049930e-31]]\n",
      "Loss function= 1561093.128362388\n",
      "\n",
      "Running Iteration number= 42\n",
      "Predicted values of y:\n",
      "[[1.00000000e+00 1.41890205e-31 4.87492890e-77 ... 4.62520698e-35\n",
      "  6.85211015e-13 3.93650097e-25]\n",
      " [1.00000000e+00 1.41890205e-31 4.87492890e-77 ... 4.62520698e-35\n",
      "  6.85211015e-13 3.93650097e-25]\n",
      " [1.00000000e+00 1.41890205e-31 4.87492890e-77 ... 4.62520698e-35\n",
      "  6.85211015e-13 3.93650097e-25]\n",
      " ...\n",
      " [1.00000000e+00 1.41890205e-31 4.87492890e-77 ... 4.62520698e-35\n",
      "  6.85211015e-13 3.93650097e-25]\n",
      " [1.00000000e+00 1.41890205e-31 4.87492890e-77 ... 4.62520698e-35\n",
      "  6.85211015e-13 3.93650097e-25]\n",
      " [1.00000000e+00 1.41890205e-31 4.87492890e-77 ... 4.62520698e-35\n",
      "  6.85211015e-13 3.93650097e-25]]\n",
      "Loss function= 1706867.3487099214\n",
      "\n",
      "Running Iteration number= 43\n",
      "Predicted values of y:\n",
      "[[4.57505530e-76 5.92111214e-18 1.56415967e-64 ... 5.92075711e-22\n",
      "  9.99999866e-01 1.79864834e-12]\n",
      " [4.57505530e-76 5.92111214e-18 1.56415967e-64 ... 5.92075711e-22\n",
      "  9.99999866e-01 1.79864834e-12]\n",
      " [4.57505530e-76 5.92111214e-18 1.56415967e-64 ... 5.92075711e-22\n",
      "  9.99999866e-01 1.79864834e-12]\n",
      " ...\n",
      " [4.57505530e-76 5.92111214e-18 1.56415967e-64 ... 5.92075711e-22\n",
      "  9.99999866e-01 1.79864834e-12]\n",
      " [4.57505530e-76 5.92111214e-18 1.56415967e-64 ... 5.92075711e-22\n",
      "  9.99999866e-01 1.79864834e-12]\n",
      " [4.57505530e-76 5.92111214e-18 1.56415967e-64 ... 5.92075711e-22\n",
      "  9.99999866e-01 1.79864834e-12]]\n",
      "Loss function= 1523518.923774732\n",
      "\n",
      "Running Iteration number= 44\n",
      "Predicted values of y:\n",
      "[[2.60329780e-68 5.75573733e-09 1.16907047e-56 ... 1.76550978e-13\n",
      "  6.36721845e-81 1.91438362e-04]\n",
      " [2.60329780e-68 5.75573733e-09 1.16907047e-56 ... 1.76550978e-13\n",
      "  6.36721845e-81 1.91438362e-04]\n",
      " [2.60329780e-68 5.75573733e-09 1.16907047e-56 ... 1.76550978e-13\n",
      "  6.36721845e-81 1.91438362e-04]\n",
      " ...\n",
      " [2.60329780e-68 5.75573733e-09 1.16907047e-56 ... 1.76550978e-13\n",
      "  6.36721845e-81 1.91438362e-04]\n",
      " [2.60329780e-68 5.75573733e-09 1.16907047e-56 ... 1.76550978e-13\n",
      "  6.36721845e-81 1.91438362e-04]\n",
      " [2.60329780e-68 5.75573733e-09 1.16907047e-56 ... 1.76550978e-13\n",
      "  6.36721845e-81 1.91438362e-04]]\n",
      "Loss function= 1543214.6617215287\n",
      "\n",
      "Running Iteration number= 45\n",
      "Predicted values of y:\n",
      "[[7.55457689e-65 2.85336238e-04 4.45614270e-53 ... 2.68486097e-09\n",
      "  1.10390311e-77 9.99714661e-01]\n",
      " [7.55457689e-65 2.85336238e-04 4.45614270e-53 ... 2.68486097e-09\n",
      "  1.10390311e-77 9.99714661e-01]\n",
      " [7.55457689e-65 2.85336238e-04 4.45614270e-53 ... 2.68486097e-09\n",
      "  1.10390311e-77 9.99714661e-01]\n",
      " ...\n",
      " [7.55457689e-65 2.85336238e-04 4.45614270e-53 ... 2.68486097e-09\n",
      "  1.10390311e-77 9.99714661e-01]\n",
      " [7.55457689e-65 2.85336238e-04 4.45614270e-53 ... 2.68486097e-09\n",
      "  1.10390311e-77 9.99714661e-01]\n",
      " [7.55457689e-65 2.85336238e-04 4.45614270e-53 ... 2.68486097e-09\n",
      "  1.10390311e-77 9.99714661e-01]]\n",
      "Loss function= 1730294.7933005067\n",
      "\n",
      "Running Iteration number= 46\n",
      "Predicted values of y:\n",
      "[[1.64177462e-62 9.99996928e-01 1.27202190e-50 ... 3.05766807e-06\n",
      "  1.43327413e-75 8.06273501e-86]\n",
      " [1.64177462e-62 9.99996928e-01 1.27202190e-50 ... 3.05766807e-06\n",
      "  1.43327413e-75 8.06273501e-86]\n",
      " [1.64177462e-62 9.99996928e-01 1.27202190e-50 ... 3.05766807e-06\n",
